xiong_an_like_mean_raw_change_f1=0.18969518718242584
xiong_an_like_mean_best_shift_change_f1=0.20850384060590588
xiong_an_like_n_nonzero_best_shift=2
xiong_an_like_mean_observed_class11_prob=0.04760283333333333
xiong_an_like_mean_forecast_class11_delta=-0.024936333333333335
suzhou_like_mean_raw_change_f1=0.30944500731734775
suzhou_like_mean_best_shift_change_f1=0.30944500731734775
suzhou_like_n_nonzero_best_shift=0
suzhou_like_mean_observed_class11_prob=0.010459999999999999
suzhou_like_mean_forecast_class11_delta=-0.000519
